sims: 22394879, steps: 15
512
(0,0) <-> (1,0)
0.499946
255
(0,0) <-> (0,1)
0.500138
128
(0,1) <-> (1,1)
0.499972
64
(0,1) <-> (0,2)
0.499879
31
(0,2) <-> (1,2)
0.500142
16
(1,0) <-> (2,0)
0.499778
7
(1,0) <-> (1,1)
1
7
(1,1) <-> (2,1)
0.499962
3
(1,1) <-> (1,2)
1
3
(1,2) <-> (2,2)
0.499967
1
(2,0) <-> (2,1)
1
1
(2,1) <-> (2,2)
1
1
Estimated number of 2-colorings for 3x3 lattice: 2
executed in 473.724 sec
sims: 22394879, steps: 19
19683
(0,0) <-> (1,0)
0.66668
13122
(0,0) <-> (0,1)
0.666561
8746
(0,1) <-> (1,1)
0.666766
5832
(0,1) <-> (0,2)
0.666784
3888
(0,2) <-> (1,2)
0.666709
2592
(1,0) <-> (2,0)
0.666851
1728
(1,0) <-> (1,1)
0.750088
1296
(1,1) <-> (2,1)
0.666718
864
(1,1) <-> (1,2)
0.750009
648
(1,2) <-> (2,2)
0.666687
432
(2,0) <-> (2,1)
0.749947
324
(2,1) <-> (2,2)
0.759228
246
Estimated number of 3-colorings for 3x3 lattice: 246
executed in 1065.65 sec
sims: 22394879, steps: 24
262144
(0,0) <-> (1,0)
0.750019
196612
(0,0) <-> (0,1)
0.749982
147456
(0,1) <-> (1,1)
0.750088
110604
(0,1) <-> (0,2)
0.749953
82948
(0,2) <-> (1,2)
0.750131
62222
(1,0) <-> (2,0)
0.750012
46667
(1,0) <-> (1,1)
0.777782
36297
(1,1) <-> (2,1)
0.749987
27222
(1,1) <-> (1,2)
0.777949
21177
(1,2) <-> (2,2)
0.75
15883
(2,0) <-> (2,1)
0.777872
12355
(2,1) <-> (2,2)
0.77845
9617
Estimated number of 4-colorings for 3x3 lattice: 9618
executed in 1692.58 sec
sims: 22394879, steps: 27
1953125
(0,0) <-> (1,0)
0.799871
1562248
(0,0) <-> (0,1)
0.799835
1249541
(0,1) <-> (1,1)
0.800159
999831
(0,1) <-> (0,2)
0.80014
800005
(0,2) <-> (1,2)
0.800004
640007
(1,0) <-> (2,0)
0.799902
511943
(1,0) <-> (1,1)
0.812461
415933
(1,1) <-> (2,1)
0.799916
332712
(1,1) <-> (1,2)
0.81258
270355
(1,2) <-> (2,2)
0.799901
216257
(2,0) <-> (2,1)
0.812541
175718
(2,1) <-> (2,2)
0.812682
142802
Estimated number of 5-colorings for 3x3 lattice: 142803
executed in 2432.79 sec
sims: 22394879, steps: 31
10077696
(0,0) <-> (1,0)
0.83332
8397949
(0,0) <-> (0,1)
0.833355
6998470
(0,1) <-> (1,1)
0.83351
5833294
(0,1) <-> (0,2)
0.833226
4860450
(0,2) <-> (1,2)
0.833266
4050050
(1,0) <-> (2,0)
0.833402
3375318
(1,0) <-> (1,1)
0.839918
2834988
(1,1) <-> (2,1)
0.83333
2362480
(1,1) <-> (1,2)
0.840091
1984698
(1,2) <-> (2,2)
0.833199
1653649
(2,0) <-> (2,1)
0.840068
1389177
(2,1) <-> (2,2)
0.839949
1166838
Estimated number of 6-colorings for 3x3 lattice: 1166838
executed in 3052.65 sec
sims: 22394879, steps: 36
40353607
(0,0) <-> (1,0)
0.857195
34590898
(0,0) <-> (0,1)
0.857239
29652677
(0,1) <-> (1,1)
0.857166
25417273
(0,1) <-> (0,2)
0.856976
21781999
(0,2) <-> (1,2)
0.857086
18669047
(1,0) <-> (2,0)
0.857119
16001603
(1,0) <-> (1,1)
0.860958
13776709
(1,1) <-> (2,1)
0.857212
11809563
(1,1) <-> (1,2)
0.861086
10169052
(1,2) <-> (2,2)
0.857151
8716416
(2,0) <-> (2,1)
0.861047
7505243
(2,1) <-> (2,2)
0.860947
6461619
Estimated number of 7-colorings for 3x3 lattice: 6461619
executed in 3529.93 sec
sims: 22394879, steps: 40
134217728
(0,0) <-> (1,0)
0.87507
117449896
(0,0) <-> (0,1)
0.874827
102748325
(0,1) <-> (1,1)
0.875065
89911428
(0,1) <-> (0,2)
 0.874971
78669925
(0,2) <-> (1,2)
0.87501
68836932
(1,0) <-> (2,0)
0.874912
60226254
(1,0) <-> (1,1)
0.877556
52851896
(1,1) <-> (2,1)
0.874919
46241127
(1,1) <-> (1,2)
0.877605
40581439
(1,2) <-> (2,2)
0.874896
35504556
(2,0) <-> (2,1)
0.877459
31153787
(2,1) <-> (2,2)
0.877458
27336132
Estimated number of 8-colorings for 3x3 lattice: 27336133
executed in 3804.24 sec
sims: 22394879, steps: 45
387420489
(0,0) <-> (1,0)
0.88885
344358801
(0,0) <-> (0,1)
0.888929
306110611
(0,1) <-> (1,1)
0.888784
272066171
(0,1) <-> (0,2)
0.88883
241820461
(0,2) <-> (1,2)
0.888824
214935820
(1,0) <-> (2,0)
0.888816
191038436
(1,0) <-> (1,1)
0.89065
170148468
(1,1) <-> (2,1)
0.888834
151233722
(1,1) <-> (1,2)
0.890707
134704965
(1,2) <-> (2,2)
0.888892
119738185
(2,0) <-> (2,1)
0.890608
106639762
(2,1) <-> (2,2)
0.890698
94983775
Estimated number of 9-colorings for 3x3 lattice: 94983776
executed in 5032.08 sec
sims: 22394879, steps: 50
1000000000
(0,0) <-> (1,0)
0.899982
899982134
(0,0) <-> (0,1)
0.900084
810059347
(0,1) <-> (1,1)
0.900009
729060607
(0,1) <-> (0,2)
0.89997
656132927
(0,2) <-> (1,2)
0.900006
590523821
(1,0) <-> (2,0)
0.899945
531439029
(1,0) <-> (1,1)
0.901208
478937054
(1,1) <-> (2,1)
0.899906
430998115
(1,1) <-> (1,2)
0.901225
388426299
(1,2) <-> (2,2)
0.899899
349544330
(2,0) <-> (2,1)
0.901296
315043065
(2,1) <-> (2,2)
0.901279
283941823
Estimated number of 10-colorings for 3x3 lattice: 283941823
executed in 6117.6 sec
sims: 22394879, steps: 55
2357947691
(0,0) <-> (1,0)
0.909083
2143570709
(0,0) <-> (0,1)
0.909104
1948729560
(0,1) <-> (1,1)
0.909139
1771666487
(0,1) <-> (0,2)
0.908995
1610435580
(0,2) <-> (1,2)
0.909023
1463922760
(1,0) <-> (2,0)
0.909027
1330745205
(1,0) <-> (1,1)
0.910047
1211040774
(1,1) <-> (2,1)
0.909039
1100883434
(1,1) <-> (1,2)
0.909952
1001751528
(1,2) <-> (2,2)
0.909097
910689787
(2,0) <-> (2,1)
0.910013
828739178
(2,1) <-> (2,2)
0.91009
754227186
Estimated number of 11-colorings for 3x3 lattice: 754227186
executed in 6806.97 sec
sims: 22394879, steps: 60
5159780352
(0,0) <-> (1,0)
0.916696
4729948396
(0,0) <-> (0,1)
0.916719
4336035025
(0,1) <-> (1,1)
0.916701
3974846874
(0,1) <-> (0,2)
0.916686
3643685230
(0,2) <-> (1,2)
0.916655
3340004105
(1,0) <-> (2,0)
0.916675
3061698307
(1,0) <-> (1,1)
0.917478
2809041277
(1,1) <-> (2,1)
0.916744
2575170990
(1,1) <-> (1,2)
0.917312
2362236258
(1,2) <-> (2,2)
0.916689
2165436179
(2,0) <-> (2,1)
0.917417
1986608378
(2,1) <-> (2,2)
0.917453
1822620799
Estimated number of 12-colorings for 3x3 lattice: 1822620799
executed in 8302.3 sec
sims: 22394879, steps: 67
10604499373
(0,0) <-> (1,0)
0.923069
9788686732
(0,0) <-> (0,1)
0.923086
9035800434
(0,1) <-> (1,1)
0.923186
8341723747
(0,1) <-> (0,2)
0.923104
7700275435
(0,2) <-> (1,2)
0.923054
7107767070
(1,0) <-> (2,0)
0.923145
6561498815
(1,0) <-> (1,1)
0.923591
6060143101
(1,1) <-> (2,1)
0.923043
5593773941
(1,1) <-> (1,2)
0.923666
5166779474
(1,2) <-> (2,2)
0.923098
4769446102
(2,0) <-> (2,1)
0.923545
4404799905
(2,1) <-> (2,2)
0.923488
4067781228
Estimated number of 13-colorings for 3x3 lattice: 4067781228
executed in 8482.63 sec
executed in 8482.63 sec
sims: 22394879, steps: 74
20661046784
(0,0) <-> (1,0)
0.928647
19186817084
(0,0) <-> (0,1)
0.928527
17815483007
(0,1) <-> (1,1)
0.928559
16542722750
(0,1) <-> (0,2)
0.928566
15361014906
(0,2) <-> (1,2)
0.928509
14262846965
(1,0) <-> (2,0)
0.92859
13244341718
(1,0) <-> (1,1)
0.928946
12303284609
(1,1) <-> (2,1)
0.928566
11424417153
(1,1) <-> (1,2)
0.928942
10612621588
(1,2) <-> (2,2)
0.928482
9853627149
(2,0) <-> (2,1)
0.928921
9153245850
(2,1) <-> (2,2)
0.928933
8502754525
Estimated number of 14-colorings for 3x3 lattice: 8502754526
sims: 22394879, steps: 81
38443359375
(0,0) <-> (1,0)
^R
0.933373
35881984405
(0,0) <-> (0,1)
0.933428
33493250357
(0,1) <-> (1,1)
0.933303
31259355890
(0,1) <-> (0,2)
0.933266
29173291041
(0,2) <-> (1,2)
0.933288
27227080062
(1,0) <-> (2,0)
0.933269
25410189382
(1,0) <-> (1,1)
0.933637
23723891117
(1,1) <-> (2,1)
0.933402
22143920162
(1,1) <-> (1,2)
0.933704
20675869697
(1,2) <-> (2,2)
0.933451
19299911062
(2,0) <-> (2,1)
0.933633
18019043288
(2,1) <-> (2,2)
0.933685
16824103513
Estimated number of 15-colorings for 3x3 lattice: 16824103514
executed in 9452.18 sec

finished in 68923 sec


sims: 16325867, steps: 212
443426488243037769948249630619149892803
(0,0) <-> (1,0)
0.666675
295621479472704985657471440177702025201
(0,0) <-> (0,1)
0.666823
197127190751024881941987736825938035779
(0,1) <-> (1,1)
0.666713
131427227339044489741530171075049112565
(0,1) <-> (0,2)
0.666499
87596115355692906638208238356797617693
(0,2) <-> (1,2)
0.666589
58390578192401490353401582081658714518
(0,2) <-> (0,3)
0.666581
38922054470179373162341556783832681227
(0,3) <-> (1,3)
0.666739
25950853492740581774541709996583926084
(0,3) <-> (0,4)
0.666758
17302948028224551307030158112306969159
(0,4) <-> (1,4)
0.666696
11535804939852749981129619371874996883
(0,4) <-> (0,5)
0.666633
7690142816633639482554094524313669517
(0,5) <-> (1,5)
0.666669
5126778678196462738868703844985395900
(0,5) <-> (0,6)
0.666533
3417168394562250756349905171786862350
(0,6) <-> (1,6)
0.666726
2278313340250511382628065327681403258
(0,6) <-> (0,7)
0.666714
1518983108522482557115454595277412941
(0,7) <-> (1,7)
0.666433
1012300142231570477224514798135720056
(0,7) <-> (0,8)
0.666624
674823708721689681437926222712841947
(0,8) <-> (1,8)
0.666766
449949834153494611745243597311908289
(1,0) <-> (2,0)
0.666673
299969578575713778485521042359242138
(1,0) <-> (1,1)
0.749919
224952778821003579251888128153883120
(1,1) <-> (2,1)
0.666727
149982100633945223049295901435300062
(1,1) <-> (1,2)
0.750114
112503605463455890186311828347961497
(1,2) <-> (2,2)
0.666658
75001457261009119317009983804597103
(1,2) <-> (1,3)
0.750133
56261079209746440687688575767633043
(1,3) <-> (2,3)
0.666843
37517292618245549472414442615942336
(1,3) <-> (1,4)
0.74993
28135360627875021722361220434680452
(1,4) <-> (2,4)
0.666726
18758585064299948408277723498001468
(1,4) <-> (1,5)
0.750123
14071251468179222830031729442383100
(1,5) <-> (2,5)
0.666747
9381962250853436447443678302709275
(1,5) <-> (1,6)
0.750111
7037511694541175789135685575989400
(1,6) <-> (2,6)
0.666728
4692102798060875851373894544437665
(1,6) <-> (1,7)
0.750121
3519644934979903766534716298713713
(1,7) <-> (2,7)
0.666543
2345993321085411578962477019134394
(1,7) <-> (1,8)
0.749988
1759467939678416434488367978705791
(1,8) <-> (2,8)
0.666523
1172726081220102219637261614915129
(2,0) <-> (3,0)
0.66664
781785972780549466975593162502599
(2,0) <-> (2,1)
0.749941
586292969980374701074284117222444
(2,1) <-> (3,1)
0.666633
390842000997604654307811978291473
(2,1) <-> (2,2)
0.759011
296653410636619301156894910289694
(2,2) <-> (3,2)
0.666745
197792192940260550167370716999666
(2,2) <-> (2,3)
0.760316
150384594482652894472835199710238
(2,3) <-> (3,3)
0.666674
100257517045851961858310858296703
(2,3) <-> (2,4)
0.760368
76232565722323394208836760044869
(2,4) <-> (3,4)
0.666781
50830426759180514796787368663956
(2,4) <-> (2,5)
0.760304
38646570610892471534706170767261
(2,5) <-> (3,5)
0.666745
25767390694900696298552935659153
(2,5) <-> (2,6)
0.760313
19591290144989255124801281143207
(2,6) <-> (3,6)
0.666739
13062269714628969543204209501032
(2,6) <-> (2,7)
0.760202
9929962965421235964132719146376
(2,7) <-> (3,7)
0.666649
6619799327634103781834439360636
(2,7) <-> (2,8)
0.760198
5032360463057558641366960661728
(2,8) <-> (3,8)
0.666705
3355098600769274791433364514869
(3,0) <-> (4,0)
0.666743
2236988395155606552527619377432
(3,0) <-> (3,1)
0.750088
1677937065275613615713808318610
(3,1) <-> (4,1)
0.666721
1118715223186338396571081650729
(3,1) <-> (3,2)
0.761344
851727336317134304681858719676
(3,2) <-> (4,2)
0.666566
567732334310158201346288517484
(3,2) <-> (3,3)
0.763469
433446303481122269291961358914
(3,3) <-> (4,3)
0.666724
288989070507182667276296383748
(3,3) <-> (3,4)
0.764151
220831259002731054595021329618
(3,4) <-> (4,4)
0.666686
147225095662622966083856411815
(3,4) <-> (3,5)
0.764147
112501648627679866674259653642
(3,5) <-> (4,5)
0.666632
74997224042705422584260739549
(3,5) <-> (3,6)
0.764199
57312797940461098960317371284
(3,6) <-> (4,6)
0.666657
38207993675734159141327432855
(3,6) <-> (3,7)
0.7641
29194742068847370700653284461
(3,7) <-> (4,7)
0.666656
19462863933542226371584534009
(3,7) <-> (3,8)
0.762715
14844619875778039821442563737
(3,8) <-> (4,8)
0.666655
9896242004682666770441675417
(4,0) <-> (5,0)
0.666823
6599040806027739528631222014
(4,0) <-> (4,1)
0.749833
4948177016505500023702200415
(4,1) <-> (5,1)
0.66653
3298107174599640158523872907
(4,1) <-> (4,2)
0.761702
2512173306758471082340300399
(4,2) <-> (5,2)
0.66671
1674890020898916758570569134
(4,2) <-> (4,3)
0.765049
1281373117956268492022793022
(4,3) <-> (5,3)
0.666685
854271951380679703856090948
(4,3) <-> (4,4)
0.765837
654233068132364636154798020
(4,4) <-> (5,4)
0.666641
436138614714129031618246747
(4,4) <-> (4,5)
0.76602
334090777705316107570873280
(4,5) <-> (5,5)
0.666684
222732969596992021687194532
(4,5) <-> (4,6)
0.765944
170600928819745238989376473
(4,6) <-> (5,6)
0.666701
113739738214577416482475546
(4,6) <-> (4,7)
0.765545
87072840151088390010498660
(4,7) <-> (5,7)
0.666932
58071694734634798350582056
(4,7) <-> (4,8)
0.763734
44351300291041465811993178
(4,8) <-> (5,8)
0.666521
29561056181706954267897729
(5,0) <-> (6,0)
0.666684
19707893473157341759714964
(5,0) <-> (5,1)
0.749943
14779794732249795542260258
(5,1) <-> (6,1)
0.666703
9853733934139397364238572
(5,1) <-> (5,2)
0.762128
7509803901207837918023744
(5,2) <-> (6,2)
0.666559
5005728491010754935505085
(5,2) <-> (5,3)
0.765355
3831160574766815867455637
(5,3) <-> (6,3)
0.666793
2554592265301407112405659
(5,3) <-> (5,4)
0.766595
1958338281506225064734274
(5,4) <-> (6,4)
0.666578
1305385122270999667989659
(5,4) <-> (5,5)
0.766814
1000987317071639609926734
(5,5) <-> (6,5)
0.666824
667482554556889039681263
(5,5) <-> (5,6)
0.766823
511841289316264685197670
(5,6) <-> (6,6)
0.666609
341198264761102342141043
(5,6) <-> (5,7)
0.766336
261472500606207483600011
(5,7) <-> (6,7)
0.666849
174362722273629620854905
(5,7) <-> (5,8)
0.764114
133233076875088182254518
(5,8) <-> (6,8)
0.666754
88833628786802173687962
(6,0) <-> (7,0)
0.66654
59211153925914265534981
(6,0) <-> (6,1)
0.749823
44397893877800212290834
(6,1) <-> (7,1)
0.666507
29591486287302586539484
(6,1) <-> (6,2)
0.7621
22551673075824193151850
(6,2) <-> (7,2)
0.666678
15034699661761704288948
(6,2) <-> (6,3)
0.765626
11510958576912763063471
(6,3) <-> (7,3)
0.66692
7676889749401758140040
(6,3) <-> (6,4)
0.766786
5886533345114133245615
(6,4) <-> (7,4)
0.666661
3924324434646370160430
(6,4) <-> (6,5)
0.767313
3011183716190399164712
(6,5) <-> (7,5)
0.666616
2007303768693167883475
(6,5) <-> (6,6)
0.767324
1540252163984833155787
(6,6) <-> (7,6)
0.666967
1027297408889862390722
(6,6) <-> (6,7)
0.766506
787430067496782189499
(6,7) <-> (7,7)
0.6667
524979455794016078659
(6,7) <-> (6,8)
0.764104
401138860988878864552
(6,8) <-> (7,8)
0.666474
267348746968281958436
(7,0) <-> (8,0)
0.666691
178239091958137897127
(7,0) <-> (7,1)
0.749976
133675047462243079382
(7,1) <-> (8,1)
0.666655
89115107120535887080
(7,1) <-> (7,2)
0.762047
67909900201008765596
(7,2) <-> (8,2)
0.666803
45282549753952434289
(7,2) <-> (7,3)
0.765753
34675229924405723978
(7,3) <-> (8,3)
0.666558
23113064108341828237
(7,3) <-> (7,4)
0.767022
17728231266183473385
(7,4) <-> (8,4)
0.666825
11821629701065422782
(7,4) <-> (7,5)
0.767544
9073619310329731342
(7,5) <-> (8,5)
0.666602
6048493005188501089
(7,5) <-> (7,6)
0.767586
4642740053434390864
(7,6) <-> (8,6)
0.666598
3094842857813038361
(7,6) <-> (7,7)
0.766888
2373398704129510953
(7,7) <-> (8,7)
0.666769
1582507806299249242
(7,7) <-> (7,8)
0.764297
1209505564574023314
(7,8) <-> (8,8)
0.666816
806518008564119566
(8,0) <-> (8,1)
0.750076
604949949210364103
(8,1) <-> (8,2)
0.762236
461114571732425786
(8,2) <-> (8,3)
0.765748
353097758686563053
(8,3) <-> (8,4)
0.767224
270905183314303097
(8,4) <-> (8,5)
0.767656
207961877266776552
(8,5) <-> (8,6)
0.767709
159654128039879249
(8,6) <-> (8,7)
0.767077
122466999005474174
(8,7) <-> (8,8)
0.764557
93632987136565240
Estimated number of 3-colorings for 9x9 lattice: 93632987136565240

finished in 752297 sec
